39824
36720
22304
12528
21744
42896
53696
44320
28272
23264
29072
31472
25408
22768
34256
50480
52016
34352
15952
15088
28816
38912
36752
32720
37696
45232
40240
22512
10736
19200
39904
50640
43200
31088
28960
33488
31152
21056
18096
31888
50592
53424
36944
19584
18272
28704
34480
30896
29920
39648
49696
43872
24080
10752
17936
36720
46176
40528
32944
34576
38592
32176
18144
14048
28960
48992
52944
38512
23760
22880
30016
30896
25056
26160
40032
52560
47072
26560
12608
18176
33824
40880
36368
33616
39584
44048
34608
17040
11472
26176
46096
50976
39200
28080
28608
32800
28576
19920
21968
39120
53920
49328
29664
16096
20192
31984
35520
31344
32560
42864
48608
37392
17760
10736
24064
42480
46944
38128
31552
34544
36688
27840
16144
18224
36848
53072
49856
32240
20432
23600
31296
30528
25760
30368
44784
52240
40400
19712
11728
23088
38688
41952
35632
34080
40128
41040
28512
13760
15152
33984
50704
48816
34256
25504
28576
32048
26640
20416
27360
45088
54336
43072
22640
14496
23552
35168
36048
31824
35136
44768
45552
30256
13232
13424
31136
47264
46208
35248
30464
34288
34160
24080
15920
23984
43856
54656
44704
26144
18688
25520
32656
30480
27344
34880
48096
49536
32928
14432
13360
29008
42624
41824
34608
34576
39984
37248
23072
12608
20752
41552
53072
44928
29392
23840
29024
31296
25312
22368
33296
49696
52320
35744
17152
15120
27872
38080
36064
32560
37488
45232
40928
23312
10880
18192
38336
50048
43824
32064
29488
33600
31328
21312
17488
30752
49584
53600
38224
20864
18528
28176
33936
30752
29824
39264
49568
44768
25504
11488
17280
35360
45392
40656
33424
34816
38848
32848
18976
13968
27760
47808
52944
39648
24880
23232
29824
30688
24928
25648
39104
52176
47872
28096
13472
17728
32704
40192
36336
33472
39248
43984
35328
18176
11584
24976
44800
50512
39840
28864
28848
32880
28848
20080
21392
37760
53008
49840
31024
16992
19968
31168
34976
31072
32176
42416
48752
38480
19056
10944
22912
41152
46528
38592
32112
34752
36960
28496
16480
17600
35376
52112
50368
33680
21392
23728
30896
30352
25488
29680
43984
52240
41600
21184
12128
22128
37504
41456
35808
34208
40160
41472
29536
14512
14592
32400
49632
49072
35312
26256
28688
32064
26784
20304
26384
43888
54096
44160
24176
15040
22912
34304
35376
31680
34816
44448
46064
31344
14064
12880
29616
46000
46256
36000
30960
34400
34464
24592
15696
22864
42432
54144
45680
27552
19312
25232
32144
30336
27232
34288
47456
49984
